100
5 6
0 1 1
0 2 2 
1 2 5
1 3 1
3 2 2
2 4 3
4 5
1 0 91
2 0 50
2 1 849
3 0 451
3 1 724
8 25
1 0 91
2 0 176
2 1 658
3 0 61
3 1 740
4 0 21
4 1 817
4 2 407
4 3 469
5 0 468
5 1 493
5 2 400
5 3 814
5 4 86
6 0 611
6 1 457
6 2 776
6 4 452
6 5 4
7 0 601
7 2 722
7 3 11
7 4 249
7 5 530
7 6 632
9 9
1 0 64
3 1 914
4 1 331
4 2 824
5 3 509
7 5 520
7 6 460
8 1 415
8 7 263
3 2
1 0 533
2 1 920
5 4
2 1 635
3 1 974
4 0 93
4 2 453
5 5
1 0 147
2 0 258
3 2 595
4 0 97
4 3 935
9 13
2 1 453
3 0 107
4 0 847
5 1 944
5 2 762
6 1 436
6 2 572
6 3 798
6 4 599
7 2 917
7 3 715
7 4 874
8 5 300
3 2
1 0 370
2 1 87
7 19
1 0 8
2 0 198
2 1 828
3 1 327
3 2 643
4 0 24
4 1 280
4 2 397
4 3 877
5 0 204
5 1 774
5 2 861
5 3 655
6 0 950
6 1 816
6 2 516
6 3 91
6 4 382
6 5 812
3 2
1 0 153
2 1 612
2 1
1 0 713
3 2
2 0 855
2 1 209
10 9
3 0 843
4 1 765
6 0 52
6 2 427
7 0 321
8 0 983
8 1 618
9 4 657
9 5 941
2 1
1 0 528
8 18
1 0 411
2 0 676
4 3 35
5 0 238
5 1 711
5 2 284
5 3 312
5 4 571
6 0 795
6 1 290
6 3 979
6 4 462
7 1 781
7 2 30
7 3 635
7 4 28
7 5 948
7 6 597
10 34
1 0 458
2 0 280
2 1 340
3 2 871
4 0 833
4 1 36
4 2 970
4 3 328
5 0 493
5 1 693
5 2 743
5 3 238
6 0 90
6 2 992
6 4 975
6 5 532
7 0 8
7 1 876
7 2 920
7 3 235
7 4 7
7 5 132
7 6 343
8 1 99
8 3 666
8 4 67
8 5 685
9 0 721
9 2 395
9 3 376
9 5 226
9 6 560
9 7 527
9 8 533
5 8
1 0 297
2 0 291
2 1 788
3 0 282
3 1 685
3 2 861
4 1 205
4 2 48
4 4
2 1 254
3 0 905
3 1 421
3 2 890
8 26
1 0 449
2 0 891
2 1 624
3 0 80
3 1 278
3 2 328
4 0 336
4 2 12
4 3 670
5 0 770
5 1 773
5 2 467
5 3 154
5 4 54
6 0 193
6 1 399
6 2 604
6 3 664
6 4 87
6 5 245
7 1 906
7 2 668
7 3 460
7 4 933
7 5 301
7 6 137
7 8
1 0 551
2 1 816
4 0 384
5 3 379
5 4 801
6 1 195
6 4 960
6 5 923
8 7
3 0 461
3 2 806
4 3 957
5 0 665
5 1 285
6 2 752
7 4 394
8 9
2 1 59
4 0 1000
4 1 893
4 3 250
5 2 271
6 1 155
6 4 922
6 5 985
7 0 345
7 10
1 0 576
3 1 88
3 2 196
4 2 101
5 1 130
5 2 667
5 4 673
6 1 409
6 2 846
6 3 127
4 4
1 0 718
2 0 133
3 0 853
3 2 487
3 2
1 0 956
2 0 241
8 14
3 0 285
3 2 908
4 2 771
5 1 572
5 2 227
5 3 525
5 4 908
6 3 853
7 0 340
7 2 896
7 3 416
7 4 728
7 5 247
7 6 740
5 4
1 0 177
2 0 931
3 2 70
4 2 765
6 5
3 0 660
3 2 675
4 1 335
5 2 156
5 4 100
3 2
2 0 881
2 1 838
9 17
1 0 304
2 1 430
3 2 153
4 2 202
4 3 760
5 0 601
5 2 320
5 4 677
6 4 656
6 5 916
7 2 448
7 3 814
7 4 242
7 6 347
8 0 427
8 1 606
8 4 821
4 5
1 0 869
2 0 866
2 1 541
3 0 875
3 1 432
9 30
1 0 161
2 0 3
2 1 827
3 0 705
3 2 370
4 0 645
4 1 582
4 2 650
4 3 635
5 0 961
5 1 547
5 2 246
5 3 739
6 0 726
6 1 518
6 2 478
7 0 120
7 1 503
7 2 628
7 3 61
7 4 49
7 5 611
7 6 609
8 0 61
8 1 30
8 3 572
8 4 894
8 5 756
8 6 28
8 7 840
6 5
2 1 576
3 2 687
4 3 980
5 0 61
5 3 467
3 2
1 0 697
2 0 876
5 7
2 0 362
2 1 281
3 0 920
3 1 684
4 1 860
4 2 753
4 3 29
2 1
1 0 247
5 4
1 0 926
3 1 417
4 0 143
4 2 695
7 15
1 0 184
2 0 884
2 1 58
3 0 54
3 1 349
3 2 274
4 0 198
4 1 862
4 2 754
5 0 879
5 4 909
6 0 127
6 2 739
6 4 663
6 5 37
4 5
1 0 215
2 0 222
2 1 711
3 0 844
3 1 458
6 6
1 0 202
3 0 196
3 1 398
4 2 103
4 3 628
5 1 313
5 4
3 0 67
4 1 931
4 2 920
4 3 702
4 5
1 0 66
2 1 632
3 0 675
3 1 546
3 2 679
9 23
2 0 983
3 1 520
3 2 70
4 2 728
5 0 242
5 2 563
5 3 768
5 4 882
6 0 450
6 2 81
6 4 494
6 5 718
7 0 764
7 2 483
7 4 339
7 5 138
8 0 910
8 2 572
8 3 56
8 4 536
8 5 166
8 6 697
8 7 676
3 2
2 0 169
2 1 134
2 1
1 0 391
5 6
1 0 531
2 0 647
3 1 166
3 2 936
4 0 167
4 3 839
8 7
2 0 976
3 1 209
4 0 973
4 1 138
5 0 506
6 0 584
7 6 585
3 2
1 0 829
2 0 260
8 19
2 1 273
3 1 71
3 2 323
4 0 870
4 2 840
4 3 411
5 0 958
5 1 261
5 3 126
6 1 165
6 3 452
6 4 366
6 5 597
7 0 351
7 1 439
7 2 292
7 3 559
7 4 569
7 6 614
5 4
1 0 482
2 1 244
3 2 473
4 1 793
10 41
1 0 679
2 0 195
2 1 915
3 0 909
3 1 37
3 2 730
4 0 464
4 2 232
4 3 312
5 1 752
5 2 52
5 3 14
5 4 356
6 0 767
6 1 1000
6 2 536
6 3 483
6 4 67
6 5 516
7 0 515
7 1 568
7 2 550
7 3 875
7 4 991
7 5 994
7 6 396
8 0 403
8 1 102
8 2 762
8 3 606
8 5 28
8 6 399
8 7 692
9 0 272
9 1 887
9 2 5
9 4 179
9 5 581
9 6 297
9 7 826
9 8 657
5 9
1 0 817
2 0 846
2 1 284
3 0 888
3 1 413
4 0 804
4 1 449
4 2 221
4 3 720
3 2
1 0 903
2 1 948
6 10
1 0 810
2 1 234
3 0 814
3 1 810
4 1 506
4 2 761
4 3 593
5 0 180
5 1 699
5 2 322
6 6
2 1 604
3 0 734
4 3 328
5 0 260
5 1 249
5 3 389
2 1
1 0 438
8 24
1 0 723
2 0 506
2 1 19
3 0 424
3 1 580
3 2 188
4 0 750
4 1 228
4 2 923
5 0 323
5 1 765
5 3 884
5 4 594
6 0 695
6 2 849
6 3 82
6 4 80
6 5 667
7 0 985
7 1 149
7 2 777
7 3 914
7 4 313
7 6 535
10 25
1 0 631
2 0 179
2 1 735
3 0 776
3 2 616
4 0 720
4 1 555
4 3 767
5 0 127
5 1 648
5 2 884
6 1 342
6 4 250
6 5 915
7 3 981
7 4 352
7 5 388
7 6 266
8 0 764
8 3 397
8 6 327
9 3 169
9 6 848
9 7 394
9 8 388
2 1
1 0 792
9 35
1 0 426
2 0 586
2 1 648
3 0 975
3 1 813
3 2 485
4 0 745
4 1 581
4 2 840
4 3 384
5 0 302
5 1 671
5 3 196
5 4 480
6 0 248
6 1 793
6 2 650
6 3 657
6 4 293
6 5 974
7 0 883
7 1 760
7 2 228
7 3 141
7 4 483
7 5 90
7 6 81
8 0 828
8 1 526
8 2 885
8 3 577
8 4 962
8 5 280
8 6 162
8 7 75
7 6
2 0 283
3 2 161
4 2 859
5 1 409
5 4 916
6 2 939
6 5
2 0 474
3 0 211
4 1 817
5 3 778
5 4 999
6 6
3 0 245
4 2 106
5 0 448
5 1 93
5 2 510
5 4 767
8 8
1 0 960
3 0 286
3 1 96
3 2 890
4 0 868
5 4 467
6 0 195
7 1 88
7 12
2 0 356
2 1 628
3 0 788
3 1 462
4 0 455
4 3 128
5 0 319
5 1 50
5 2 397
5 3 814
5 4 594
6 4 416
3 2
1 0 119
2 1 287
2 1
1 0 495
10 24
1 0 865
2 0 358
2 1 805
3 0 453
3 1 937
4 0 580
4 2 601
4 3 596
5 1 145
5 3 163
6 3 200
7 2 917
7 4 968
7 6 580
8 1 381
8 2 4
8 3 481
8 4 968
8 5 98
8 6 208
9 1 816
9 2 286
9 6 24
9 7 619
9 9
2 1 694
3 1 656
5 1 368
5 2 431
6 1 556
7 0 447
7 6 901
8 4 119
8 6 574
5 6
2 0 694
2 1 627
3 1 242
3 2 876
4 0 855
4 2 670
4 3
1 0 259
2 0 153
3 2 736
8 14
1 0 846
2 0 818
2 1 73
3 1 279
4 1 575
4 3 14
5 0 476
5 2 718
6 3 442
6 4 456
6 5 953
7 1 270
7 2 223
7 6 844
4 3
2 0 41
2 1 676
3 0 948
4 4
1 0 972
2 1 977
3 0 263
3 1 125
4 4
1 0 731
3 0 663
3 1 57
3 2 534
4 3
2 0 276
2 1 675
3 0 749
3 2
2 0 693
2 1 196
7 14
1 0 596
2 1 73
3 0 862
3 1 730
4 0 594
4 3 880
5 0 348
5 2 257
5 4 411
6 0 229
6 2 466
6 3 31
6 4 483
6 5 550
7 7
2 0 736
3 1 803
4 0 106
5 0 512
5 1 105
6 0 772
6 2 636
6 6
1 0 647
2 1 826
4 1 607
5 0 422
5 1 918
5 3 76
3 2
1 0 377
2 1 66
4 3
1 0 681
2 0 658
3 0 776
9 27
1 0 672
2 0 585
2 1 792
3 0 486
3 1 954
3 2 322
4 2 82
5 0 514
5 1 817
5 3 239
5 4 312
6 0 801
6 1 928
6 2 736
6 3 37
6 4 515
6 5 510
7 0 475
7 1 622
7 2 46
7 6 554
8 0 543
8 1 713
8 2 8
8 3 874
8 4 957
8 7 697
3 2
1 0 560
2 1 300
4 4
1 0 253
2 0 748
3 0 465
3 2 138
2 1
1 0 369
3 2
1 0 870
2 0 156
7 16
2 0 448
3 0 983
3 1 690
3 2 767
4 0 527
4 1 266
4 2 120
4 3 307
5 0 325
5 1 4
5 2 119
5 3 679
5 4 466
6 2 55
6 4 300
6 5 692
4 3
2 1 528
3 0 986
3 1 596
3 2
2 0 866
2 1 312
8 24
1 0 697
2 0 620
2 1 344
3 0 402
3 2 55
4 0 89
4 1 107
4 2 241
5 0 672
5 1 865
5 2 561
5 3 112
6 0 390
6 1 780
6 2 703
6 3 995
6 4 32
6 5 740
7 0 298
7 1 393
7 2 118
7 3 215
7 4 513
7 6 957
10 38
1 0 989
2 0 800
2 1 235
3 0 842
3 1 680
4 0 188
4 1 885
4 2 521
4 3 432
5 1 294
5 2 992
5 3 354
5 4 844
6 0 789
6 2 43
6 3 187
6 4 235
7 0 773
7 1 976
7 2 101
7 3 978
7 4 447
7 5 937
7 6 202
8 1 786
8 2 607
8 3 69
8 4 979
8 5 379
8 7 697
9 0 814
9 1 666
9 2 112
9 4 931
9 5 829
9 6 669
9 7 311
9 8 533
10 17
3 1 85
3 2 414
4 1 846
5 2 507
5 4 16
6 1 429
7 4 989
7 5 167
7 6 146
8 0 665
8 5 237
9 0 557
9 1 832
9 2 4
9 3 588
9 4 872
9 7 927
2 1
1 0 371
6 10
1 0 53
2 1 193
3 1 24
3 2 620
4 0 86
4 1 270
4 2 57
4 3 968
5 0 930
5 4 822
3 2
2 0 585
2 1 395
3 2
1 0 387
2 1 773
2 1
1 0 312
2 1
1 0 342
